dock_pose: (-0.00831539, 0.397538)
quadrant1: (0.00464523, 3.32853)
quadrant2: (-2.37742, 4.07556)
quadrant3: (-4.30382, 1.58606)
quadrant4: (-1.51404, -0.197009)

queue_pos: (-3.50565, 2.13348)

# picker_map.yaml 기준
dock_pose: (-3.95146, 3.98198)
quadrant1: (-5.69312, 5.59361)
quadrant2: (-8.55142, 4.34779)
quadrant3: (-7.87239, 1.90992)
quadrant4: (-4.25377, 2.85634)