dock_pose: (-0.00831539, 0.397538, 0)
quadrant1: (0.00464523, 3.32853, 0)
quadrant2: (-2.37742, 4.07556, 0)
quadrant3: (-4.30382, 1.58606, 0)
quadrant4: (-1.51404, -0.197009, 0)

queue_pos: (-3.50565, 2.13348, 0)
